image: alpha_shape_nav2_map.pgm
mode: trinary
resolution: 0.05
origin: [-32.49687500001164, -4.778309790417552, 0.0]
negate: 0
occupied_thresh: 0.65
free_thresh: 0.25
